1 30 1 936 2017/9/26 16:10:41 00000000 10001000 00000000 00100010 00000000 000101001000
1 31 1 8324 2017/9/27 9:30:15 00000000 10101010 00010001 00100010 00010001 000100010100
1 31 1 9302 2017/9/27 10:20:39 10001000 00000000 00000000 10001000 00000000 001000100101
1 31 2 1217 2017/9/27 12:0:29 00000000 00000010 01000100 00010001 00000000 000110000100
1 31 2 3800 2017/9/27 14:4:18 00100010 00000000 01000100 00010001 10001000 001000101000
1 34 2 2722 2017/9/28 3:36:47 00000000 01000100 00000000 00000000 00010001 010010000001
1 34 3 2426 2017/9/28 5:38:28 00000000 10101000 00010001 10001000 00000000 010000010001
1 34 3 8258 2017/9/28 6:53:1 00000000 00000000 00010001 10011001 11011101 000100111010
1 34 4 187 2017/9/28 7:18:31 00000000 00000000 01000100 00100011 00000000 010110001000
1 34 8 3184 2017/9/28 16:23:15 00010000 00000000 01000100 10001000 10001000 000100100100
1 34 8 5180 2017/9/28 16:48:57 00010001 00000000 01000100 10001000 00010001 001100010001
0 38 56 2585 2017/9/29 5:23:46 00000000 01000100 00010001 00000000 00010001 010000010010
1 38 97 8163 2017/9/29 14:19:12 00000000 00000000 00001000 00010010 00000000 010000011101
1 38 97 8639 2017/9/29 14:19:46 00000000 10001000 00000100 10001000 00000000 000101000010
1 38 57 7133 2017/9/29 5:42:2 00010001 00000000 00000000 10001000 00010001 001100010101
1 38 70 1450 2017/9/29 8:22:1 00000000 00100110 10001001 00010001 11010100 010110011100
1 38 70 7426 2017/9/29 8:29:44 00000000 01000100 00000000 00000000 00000010 000100010100
1 38 30 1791 2017/9/28 23:47:42 01100110 00000000 00010101 00000000 00010001 001010010001
1 38 30 8322 2017/9/28 23:55:47 00000000 10001000 00000000 00010000 00000000 000100011000
1 38 86 4732 2017/9/29 11:52:49 00000000 01000100 00010001 00000000 00100010 010000010100
1 38 61 4727 2017/9/29 6:30:52 00000000 10001000 10001000 00000000 10001000 001101011111
1 38 61 5801 2017/9/29 6:32:13 00000000 10001000 00000000 00000000 00100010 000100010011
1 38 88 1720 2017/9/29 12:14:48 00000000 00000000 00100010 00100010 10000000 001000101000
1 38 102 1167 2017/9/29 15:14:24 01100010 00000000 00000000 00010001 00000000 001100111111
1 38 91 2154 2017/9/29 12:53:48 00000000 10001000 01000100 00000000 01000100 000100110010
1 38 91 2176 2017/9/29 12:53:50 00000000 10001000 01000100 00000000 01000100 011001101000
1 38 27 6316 2017/9/28 23:14:52 00000000 00000000 00010001 00010001 00000000 000100011100
1 38 27 8261 2017/9/28 23:17:23 00000000 10001000 10001000 00000000 00010001 010100010001
1 38 79 4001 2017/9/29 10:21:23 00010001 00000000 01000110 10001000 00100010 001001110001
1 38 93 4054 2017/9/29 13:22:28 00100010 00000000 00100010 00100010 00000000 001010000100
1 38 9 9679 2017/9/28 19:27:5 11001110 00000010 00000000 00000100 10000011 011010011111
1 38 80 8457 2017/9/29 10:40:10 00000000 00100000 00000000 00000000 00010001 010001000101
0 40 92 7080 2017/10/2 10:36:16 10000000 00001000 00000000 10000000 00000000 010001111100
0 40 93 6148 2017/10/2 10:48:4 00010001 00100000 00000000 11111111 11111111 011111111111
0 40 198 4164 2017/10/3 9:33:42 00000000 00000000 00010001 00100010 00000000 010000110101
1 40 239 4429 2017/10/3 18:30:12 00000000 00000000 01000100 10001000 00000000 000100011101
1 40 18 4191 2017/10/1 18:30:14 00000000 01000100 00010001 00010001 10001000 010010001000
0 40 203 1699 2017/10/3 10:35:42 00010001 00000000 00000000 00010001 00000000 010011000111
1 40 43 1631 2017/10/1 23:52:5 00000000 00010001 00000001 00000011 00000000 000100110100
1 40 43 5187 2017/10/1 23:56:42 00000000 00100010 00000000 00100010 00010001 000100010100
1 40 80 5782 2017/10/2 7:58:38 00000000 10001000 10000100 10001000 00100010 010100010101
0 40 69 3161 2017/10/2 5:32:22 10001000 00000000 00000000 00000000 00010001 000100010001
0 40 85 7332 2017/10/2 9:5:22 00000000 00100010 00100010 10001000 01000100 000101010111
1 40 73 8276 2017/10/2 6:30:51 00010000 00000000 00000000 00000000 00100010 011100011111
1 40 74 9364 2017/10/2 6:45:9 00000000 01000100 00000000 00000000 00100000 010011000010
1 40 51 7878 2017/10/2 1:44:27 00000000 10001000 00100010 00000000 01000100 001100110001
0 40 63 4560 2017/10/2 4:16:3 00000000 01000100 01000100 00000000 00100000 011000111111
1 40 24 6379 2017/10/1 19:50:59 00001100 01000100 01100000 00000000 01000100 011100010110
0 40 120 6762 2017/10/2 16:40:28 00000000 00010001 00000000 10001000 00000000 000110010010
0 40 124 9717 2017/10/2 17:36:15 00000000 00000100 00100010 10001000 00000000 001010000001
0 44 176 9466 2017/10/6 8:21:38 00000000 00000000 00010001 00010001 00000000 010000100010
0 44 177 9230 2017/10/6 8:34:12 00000000 00000000 00010001 00100010 00000000 010011000001
1 44 203 2284 2017/10/6 14:1:49 01000100 00000000 00000000 10001000 00000000 011001011001
0 44 16 533 2017/10/4 21:36:43 00010001 00000000 00000000 00000000 10001000 010000101000
1 44 211 6432 2017/10/6 15:50:14 00000000 01000100 01000100 10000000 00000000 011011111000
1 44 157 9408 2017/10/6 4:17:20 00010001 00000000 00100010 00000000 10001000 000110010100
1 44 70 6001 2017/10/5 9:25:46 00010010 01000100 00000000 00001000 00000000 011100010001
1 44 45 969 2017/10/5 3:54:37 00000000 00000000 00010001 01000100 00010001 001001000100
1 54 93 2391 2017/10/10 14:19:30 00010001 00000000 00000000 01000100 00000000 000100100001
1 54 45 4839 2017/10/10 4:4:41 00000000 01000100 10001000 00000000 00010001 000100010001
1 54 49 204 2017/10/10 4:50:1 00100000 00000000 01000100 00000000 00100010 001001010001
1 54 101 4211 2017/10/10 16:4:56 10001000 00000000 00000000 00000000 00010001 001001010110
1 54 87 7250 2017/10/10 13:8:27 01001000 00000000 00000000 00000000 00000010 000111000100
1 54 39 6544 2017/10/10 2:49:45 01000100 00000000 00000000 00000000 10001000 010000011100
0 54 72 4213 2017/10/10 9:51:23 00000000 00000000 10001000 01000100 00000000 000100011010
1 54 40 9138 2017/10/10 3:5:52 00100010 01000100 10001000 00100010 10001000 001000011000
0 54 73 5517 2017/10/10 10:5:43 00000000 00000000 00100010 00011000 00000000 000100011111
1 54 90 8165 2017/10/10 13:48:20 00000000 00010000 00000000 00000000 11111111 001000101111
1 54 106 5097 2017/10/10 17:10:33 00000000 00000100 01000100 00100010 00000000 011110110001
1 54 43 4710 2017/10/10 3:38:54 10000100 00100010 00000000 00010000 00000000 011111110011
1 57 7 2287 2017/10/10 22:30:8 00000000 00110101 01111111 01000000 00100010 011100011000
1 60 91 1960 2017/10/11 22:18:15 00010001 00000000 01000100 00000000 10000000 011000010010
1 60 63 370 2017/10/11 16:13:28 00000000 10001000 01000100 10001000 00100010 010100111011
1 60 34 8768 2017/10/11 10:9:53 00010001 00000000 10001000 00000000 01000010 011100010011
1 60 34 9353 2017/10/11 10:10:37 10001000 00000000 00100010 10001000 00000000 010001010001
1 60 50 1945 2017/10/11 13:27:42 00000000 01000100 00000000 10001000 00010001 010000010001
1 60 35 564 2017/10/11 10:12:10 00100010 00000000 00000000 00100010 00000000 001100010101
1 60 66 9495 2017/10/11 17:3:57 00000000 01000100 00100010 00000000 00010001 000100010001
1 60 54 4398 2017/10/11 14:22:15 00000000 00010001 00000000 00101110 11101111 011000011111
1 60 69 3493 2017/10/11 17:34:41 00000011 00000000 00010001 11000000 00000000 011111111111
1 60 27 5703 2017/10/11 8:36:6 00010001 00000000 00000000 01000100 00100010 010010000101
1 60 57 2257 2017/10/11 14:58:15 00000000 10001000 10001000 00100010 00010001 010100010100
1 60 39 1578 2017/10/11 11:4:58 00000000 10001000 00000100 10001000 00000000 001010010100
1 60 39 2282 2017/10/11 11:5:51 00000000 10001000 00000000 01100110 00000000 011100010101
1 60 42 7049 2017/10/11 11:50:50 00000000 00100010 00000000 10011111 11110111 011110111111
1 60 102 2353 2017/10/12 0:41:31 01000100 00000000 00000000 00010001 00100010 001010001100
1 65 242 9184 2017/10/15 9:8:50 00010001 00000000 00000000 00000000 01000100 010001000100
1 65 330 3235 2017/10/16 3:57:43 00100000 00000000 00000000 01000100 00000000 001000010001
1 65 333 628 2017/10/16 4:33:12 00010001 00000000 01000000 00100010 10001000 001010101000
1 65 348 2504 2017/10/16 7:49:33 00000000 00000000 10001000 00010001 00000000 000101011010
1 65 337 8138 2017/10/16 5:34:40 00000000 00000000 00100010 00100010 01000100 011010101100
1 65 341 6357 2017/10/16 6:24:3 00000000 01000100 00100010 10001000 00010001 010101010101
1 65 343 3266 2017/10/16 6:45:52 11000110 00000000 00000001 00010001 01000100 001111011010
1 65 262 8285 2017/10/15 13:26:9 00100010 00000000 00000000 00001000 00000010 001100101111
1 65 263 3945 2017/10/15 13:33:17 00000000 00100010 00100010 00000000 01000100 000100010001
1 65 165 7804 2017/10/14 16:30:32 00000000 00000000 10001000 00010001 00000000 001110110100
1 65 105 1887 2017/10/14 3:25:46 00000000 00010001 10001000 01000100 00000000 001101011011
1 65 196 1153 2017/10/14 23:2:51 00000000 01000100 00000000 00000000 01100110 010000011101
0 65 60 227 2017/10/13 17:41:36 00000001 00000000 00000000 00010010 00000000 001001010100
0 65 60 7322 2017/10/13 17:50:38 00000000 00100000 00000000 00100010 00010001 000100010101
1 65 121 3767 2017/10/14 6:55:45 00000000 00000000 00101000 00000001 00100100 011100011111
1 65 197 25 2017/10/14 23:14:27 00010001 11000000 00000000 00000000 10000000 011111100010
1 65 122 6126 2017/10/14 7:11:50 00000000 00010001 00010000 01000100 00000000 010010001010
0 65 62 6754 2017/10/13 18:15:45 00001000 00000000 00000000 01111011 11001000 000100111111
1 65 213 4125 2017/10/15 2:46:51 00000001 10010000 00000001 00000000 11100000 011000011111
1 65 109 2161 2017/10/14 4:17:44 00000000 00100000 00100010 00000000 00100010 000100110001
1 65 109 2185 2017/10/14 4:17:46 00000000 00100000 00100010 00000000 00100010 000100011011
1 65 154 7865 2017/10/14 14:8:58 00000000 01000100 00100010 01000100 00000000 010001010101
0 65 50 4423 2017/10/13 15:38:3 00000000 00100001 00000000 01000100 00100010 011011001000
1 65 170 4311 2017/10/14 17:30:43 00000000 00000000 10001000 10001000 00000000 011110011001
1 65 96 7397 2017/10/14 1:36:14 00000000 01000100 00000010 00000000 00100010 000100010011
1 65 96 8100 2017/10/14 1:37:8 00000000 01000100 00000000 10101100 00010001 011110110010
1 65 96 8119 2017/10/14 1:37:10 00000000 01000100 00000000 10101100 00010001 010100010001
1 65 126 5499 2017/10/14 8:2:42 00000000 10001000 00000000 00100010 00000000 001111000001
1 65 219 3398 2017/10/15 4:4:9 00000000 01000100 00000000 01000100 00000000 000100010101
1 65 160 3132 2017/10/14 15:19:36 00000000 00000010 00010001 00000000 00100010 010000010001
1 65 101 4226 2017/10/14 2:37:7 00000000 01000100 00000000 00000000 00010000 010000100100
1 65 101 8798 2017/10/14 2:43:4 00000000 10001000 10001000 00000000 00010001 000100010001
1 65 87 8345 2017/10/13 23:40:42 01000100 00000000 00000000 00000000 01000100 001010000111
1 65 162 7873 2017/10/14 15:51:41 10000000 00000000 00000000 11111111 11111111 001101111111
1 65 191 8324 2017/10/14 22:7:47 00010001 01000100 10101010 01000100 01000100 011000010010
1 65 118 4584 2017/10/14 6:17:42 01000100 00000000 01000100 00100010 00000000 001000010101
0 65 223 2433 2017/10/15 4:54:18 10001000 00000000 00000000 00000000 00000011 011001000010
1 65 209 8870 2017/10/15 2:1:5 00000000 00010001 00010001 00000000 00010001 010000010001
1 65 319 9592 2017/10/16 1:44:10 00000000 00000000 01000100 00010001 10001000 010001000001
1 65 244 5406 2017/10/15 9:29:53 00110001 00000000 01000100 00100010 00100010 001010000100
1 65 245 131 2017/10/15 9:35:54 10001000 00000000 10001000 10001000 01000100 001000011010
1 65 308 289 2017/10/15 23:10:43 10001000 00000000 10001000 00100010 00000000 001011000100
1 65 322 8662 2017/10/16 2:21:50 00100010 00000000 00000000 00000000 00100010 001000010001
1 65 313 5194 2017/10/16 0:21:36 10000100 00000000 00000000 00000000 01000100 001111110111
1 65 251 8272 2017/10/15 11:3:47 00110010 00000000 00100010 00100010 00000000 011100111000
1 65 251 8738 2017/10/15 11:4:22 00000000 10001000 00010001 00010001 10001000 010000100001
1 65 252 8519 2017/10/15 11:16:57 00000000 00000000 00010001 10001000 00000000 010100010101
1 65 254 8649 2017/10/15 11:43:10 00000000 10001000 00000001 01000100 00000000 011000010101
1 65 481 9624 2017/10/17 12:36:6 01010100 00000000 10001000 10001000 01100110 001000010001
1 65 512 9143 2017/10/17 19:15:27 00000000 01000100 00000000 10001000 00010001 000100010101
1 65 422 4083 2017/10/16 23:47:15 00000000 00100010 10001000 00010001 01000100 000110110100
1 65 468 2812 2017/10/17 9:39:41 00000000 01000100 00000000 00000000 00100010 000100010001
1 65 423 6155 2017/10/17 0:2:51 00000000 01000100 00000100 10000000 00010001 000100010001
1 65 515 7403 2017/10/17 19:52:2 01000100 00000000 00000000 00100010 00000000 010010000101
1 65 484 8968 2017/10/17 13:14:7 01000100 00000000 00000000 00000000 01000010 001000010010
1 65 469 3990 2017/10/17 9:54:10 00000000 10001000 00000000 00100010 10001000 010000101000
1 65 489 921 2017/10/17 14:8:24 00000000 00000000 00010001 01000100 00000000 011000010010
1 65 444 5703 2017/10/17 4:32:28 00000000 00110000 00000000 00000000 00100010 010000010001
1 65 476 4672 2017/10/17 11:25:11 00000000 00100010 00000000 01000000 00010001 010010010111
1 65 491 2397 2017/10/17 14:35:55 00000000 10000000 00000000 10101010 00110011 011000011101
1 65 492 7004 2017/10/17 14:54:47 00000000 01000100 00010001 00100010 00000000 010000110001
1 65 477 5850 2017/10/17 11:39:32 00000000 01000100 01000100 00000000 00010001 010100010001
1 65 447 5216 2017/10/17 5:10:44 10001000 00000000 00000000 00010001 00000000 001000010101
1 65 508 6512 2017/10/17 18:20:15 00000000 01000100 00000000 00000000 00010001 000100010001
1 65 494 2151 2017/10/17 15:14:11 00000000 10001000 00000000 00000000 00010001 000100010001
1 65 480 5541 2017/10/17 12:17:45 00000000 11101100 00110011 01100100 00100010 010100111101
1 65 465 34 2017/10/17 8:56:50 00000000 01000100 10001000 01000100 00010001 000111011001
1 65 449 2895 2017/10/17 5:33:39 00100010 00000000 00100010 01010111 00001000 011110111101
1 65 360 1937 2017/10/16 10:23:54 00000000 00010001 00000000 10001000 01000100 010000011011
0 71 2 59 2017/10/17 23:16:34 10101010 01100001 00000000 00000100 00000000 011001000001
1 71 121 3630 2017/10/19 0:58:37 00000000 00000000 01000100 00000000 10001000 010100011111
1 71 121 3630 2017/10/19 0:58:37 00000000 00000000 00100010 00000000 01000100 010100011111
1 71 122 4690 2017/10/19 1:12:45 00010001 00000000 01000100 01000100 00000000 001001001010
1 71 138 3664 2017/10/19 4:38:17 10001000 00000000 01000100 00010001 00000000 001010010100
1 71 124 6872 2017/10/19 1:41:32 00010001 00000000 00010000 00100010 00000000 010010010100
1 71 140 1782 2017/10/19 5:1:38 00000000 00000000 10001000 10001000 01000100 010000010001
1 71 127 105 2017/10/19 2:11:17 00000000 10001000 10001000 10001000 00000000 000100010001
1 71 129 3182 2017/10/19 2:41:23 01000000 00000000 00100010 00100010 00000000 001001010001
1 71 132 6448 2017/10/19 3:24:38 00000000 01000100 00000000 00010001 00000000 000100010100
1 71 116 8474 2017/10/18 23:59:57 00000000 10010000 00000000 00000010 00000000 010100010111
1 71 150 2617 2017/10/19 7:12:15 00000000 01000000 00000000 00000000 00100010 010000010011
1 71 119 1086 2017/10/19 0:29:21 00000000 01000100 10001000 00100010 00010001 000100010111
1 71 119 4818 2017/10/19 0:34:17 00000000 00000000 00000010 00100010 00000001 011111111101
1 71 92 666 2017/10/18 18:38:49 00000001 00000000 10001000 01000100 00000000 001000010001
1 71 61 635 2017/10/18 11:58:28 00000000 01000100 10001000 00000000 01000100 001110110001
1 71 64 8605 2017/10/18 12:47:27 01000110 00000000 00000000 00001000 00000010 010100011111
1 71 67 9780 2017/10/18 13:27:6 00000000 00000000 00100010 00100010 01000100 010010001000
1 71 72 6185 2017/10/18 14:27:9 10001000 00000000 00000001 00100010 00000000 001010001000
1 71 73 8442 2017/10/18 14:43:2 00000000 10001000 00000001 01000100 00010001 011010000101
1 71 74 5088 2017/10/18 14:51:34 00010001 00000100 10001000 00000000 00100010 000111010011
1 71 56 5324 2017/10/18 10:59:50 00000000 10001000 00000000 00000000 00100010 001100110011
1 71 57 9541 2017/10/18 11:18:15 00000000 00100010 00010001 01000100 10001000 010000010100
1 71 58 2392 2017/10/18 11:21:54 00000000 01000100 10001000 01000100 00000000 011100010110
1 71 58 4264 2017/10/18 11:24:20 00000000 01000100 01000100 00010000 00000000 011110010100
1 71 31 6847 2017/10/18 5:39:30 00000000 00000000 10001000 00010001 01000100 001010001100
1 71 16 2270 2017/10/18 2:19:37 00000000 00100010 00000000 00100010 00000000 010101101000
1 71 17 4894 2017/10/18 2:36:1 01001010 01000100 00000000 00000000 00010001 011100011100
1 71 37 3646 2017/10/18 6:52:9 01000100 00000000 01000100 00010001 00010001 001000110101
1 71 20 8133 2017/10/18 3:19:4 01000100 00000000 01000100 10001000 00000000 001010000010
1 71 23 4332 2017/10/18 3:52:52 00000000 11001100 10101010 01000100 00100010 010100010001
1 71 27 6075 2017/10/18 4:46:55 00000000 10001000 00000000 00000000 01000100 011001100110
1 71 4 5939 2017/10/17 23:50:9 10001000 00000000 11001000 10001000 00000000 001000101010
1 71 4 5939 2017/10/17 23:50:9 10001000 00000000 00000000 00100010 00000000 001000101010
1 71 5 1948 2017/10/17 23:57:52 00000000 01000100 01000100 00000000 00010001 000100110100
1 71 8 6476 2017/10/18 0:42:16 00000000 01000100 00000000 00010001 00010001 010010100100
1 71 10 3138 2017/10/18 1:3:16 00000000 10001000 00000000 00100000 00000000 000110001000
1 71 11 1546 2017/10/18 1:14:6 00000000 00100010 11000100 00000000 10001000 011100010010
0 71 201 1102 2017/10/19 18:9:42 01000000 00110000 01001100 00100000 00000000 011100011111
0 71 203 1692 2017/10/19 18:36:32 00000000 00100010 10000000 00100010 00010001 000101010101
1 71 190 8943 2017/10/19 15:57:42 00000000 01000100 01001100 00000000 00010001 000100010100
1 71 162 131 2017/10/19 9:44:7 00100010 00000000 00000000 10001000 00000000 001101010010
1 71 163 8962 2017/10/19 10:8:36 00000000 00100000 00100010 00010001 00100010 011010010100
1 71 165 9947 2017/10/19 10:35:44 00000000 00100000 10001000 00010001 00000000 000100011000
0 71 3 1114 2017/10/17 23:30:52 00000000 00010001 00000000 00100010 00010001 000100010101
1 71 29 479 2017/10/18 5:5:33 00010001 00000000 01000100 01000100 00100010 011100010001
1 73 7 9387 2017/10/19 22:47:55 00000000 00000000 10001000 10001000 00100010 001000010001
1 73 17 4642 2017/10/20 0:50:38 00000000 01000100 10001000 10001000 00010001 010100010001
1 73 49 9529 2017/10/20 7:49:20 00000000 00000000 00100010 01000100 00010001 010000010100
1 73 8 3480 2017/10/19 22:53:18 00000000 01000100 01000000 10001000 01000100 000100110011
1 73 18 9019 2017/10/20 1:9:12 00110011 10000000 00000000 00001000 00000000 011001000111
1 73 9 8558 2017/10/19 23:12:43 00000000 00100010 00000000 10001000 10001000 010100010011
1 73 35 3960 2017/10/20 4:42:10 00000000 00000000 00010000 01100000 00000000 001010011111
1 73 40 4029 2017/10/20 5:46:16 00000000 00100000 01000100 10001000 00010001 000100010011
1 73 41 8129 2017/10/20 6:4:35 00000000 10001000 10001100 01000100 01000100 001110010011
1 73 42 4891 2017/10/20 6:13:9 00000000 00000000 00000001 00000100 10001000 001001110011
1 73 44 8374 2017/10/20 6:43:20 11001100 00000000 00010000 11011101 11111111 011000111111
1 73 136 4110 2017/10/21 2:27:53 00010001 00000000 01000100 01000100 01000100 011101010011
1 73 137 5348 2017/10/21 2:42:11 00000000 10001100 00100010 10001000 10001010 000110010010
1 73 211 3543 2017/10/21 18:39:54 00010001 00100010 00100010 00000000 10000010 010111010011
1 73 196 636 2017/10/21 15:20:20 00010001 00000000 00000000 00000000 00100010 001000100010
1 73 122 353 2017/10/20 23:21:43 00100010 00000000 10001000 00100010 00000000 001001011000
1 73 243 614 2017/10/22 1:30:0 00000001 00000000 00000000 01101000 00000000 011100011111
1 73 244 9541 2017/10/22 1:54:30 00000000 00000000 10001000 10001000 00000000 001101110001
1 73 171 2335 2017/10/21 9:58:44 00000000 01000100 01000100 00000000 00010001 000110010001
1 73 171 4617 2017/10/21 10:1:41 00010001 00000000 00000000 00000000 10001000 001011000111
1 73 80 5048 2017/10/20 14:23:21 00000000 00010001 01000100 00000000 00100010 010000010100
1 73 245 28 2017/10/22 1:55:5 00000000 00100010 00000000 10001000 01000100 000111010001
1 73 245 9391 2017/10/22 2:7:27 00000000 00000000 10001000 00000000 00100010 001010010001
1 73 260 4372 2017/10/22 5:15:34 00010000 00000000 01000100 10001000 01100110 011100010011
1 73 214 3649 2017/10/21 19:18:51 00000000 10001000 00000000 00010000 00010001 011100010100
1 73 246 5084 2017/10/22 2:14:58 00000000 00000000 00010001 00010001 00000000 001010001101
1 73 95 6830 2017/10/20 17:40:12 00100010 00000000 00100010 00100010 00000000 001000011000
0 73 143 5817 2017/10/21 4:0:56 00000000 00010000 00000000 11111111 01111111 010111111111
1 73 278 1967 2017/10/22 9:5:35 00000000 00010001 00000000 00100010 00000000 001000111111
1 73 264 4947 2017/10/22 6:8:15 00000000 10001000 00000000 00000010 00100010 010000100110
1 73 280 2564 2017/10/22 9:32:21 00000000 10001000 10001000 00000000 00010001 011101010001
1 73 86 2654 2017/10/20 15:37:56 00000000 10001000 10001000 00000000 10001000 000100010010
1 73 178 2748 2017/10/21 11:30:2 00000000 00000000 01000000 10001000 00000000 011110100100
1 73 72 4914 2017/10/20 12:40:9 00000000 10001000 00000000 00100010 00000000 000100110001
0 73 236 8490 2017/10/22 0:9:36 00000000 00000000 01000100 00000000 00100010 000100010001
1 73 237 7269 2017/10/22 0:20:47 00000000 00000000 01000100 01111111 11111111 011000111111
0 73 150 1704 2017/10/21 5:26:7 00000000 00000000 00010001 00000000 01001000 001010001000
1 73 180 9344 2017/10/21 12:4:48 00000000 01010101 00010001 00100010 00000000 010101100011
1 73 254 9873 2017/10/22 4:4:55 00000000 10001000 01000100 00100010 00010001 001101010101
1 73 269 5164 2017/10/22 7:13:12 00000000 10111011 00000000 10001000 01000100 010100010010
0 73 300 860 2017/10/22 13:47:45 10101000 00000001 00101000 11001100 10001000 011100011111
1 73 361 1093 2017/10/23 2:55:39 00000000 00100010 10000000 00000000 00100010 000100010001
1 73 349 5584 2017/10/23 0:26:13 00000000 00010001 01000100 10001000 00000000 010000010011
1 73 334 1258 2017/10/22 21:6:46 00010001 00000000 00000000 00000000 00010001 001001010101
1 73 367 5663 2017/10/23 4:19:3 00100010 00000000 00000000 00000000 10001000 001100010111
0 73 413 7935 2017/10/23 14:14:58 00000000 00100010 00000000 01000000 00000000 010000011111
1 73 354 5440 2017/10/23 1:30:42 00000000 10001000 00100010 00000000 00010001 000100010001
1 73 354 9894 2017/10/23 1:36:34 00100100 00000000 00000000 00100000 00000000 001010110100
1 73 355 6917 2017/10/23 1:45:22 00100010 00000000 00000000 00000000 01000100 001001000011
0 73 310 9010 2017/10/22 16:7:32 00000010 00000000 00100010 01000100 00010001 001010100001
1 73 402 5807 2017/10/23 11:50:22 00000000 00000000 00100100 00000000 00001000 011100010101
1 73 358 6103 2017/10/23 2:23:14 00000000 00100000 00000000 00100010 00000000 010001000100
1 73 283 2234 2017/10/22 10:10:39 00010001 00010001 00000000 00000000 01011101 010001001000
1 73 360 4127 2017/10/23 2:46:34 00000000 00000000 00010001 01000100 00100010 010010000101
1 73 558 7576 2017/10/24 21:23:41 00010001 00000000 00000000 00000000 10001000 010011001010
1 73 562 5927 2017/10/24 22:13:19 00000000 00100010 00000000 00000000 00100010 000100010001
1 73 564 5739 2017/10/24 22:38:43 00000000 00000000 00010001 00000001 01000100 010000011100
1 73 407 7340 2017/10/23 12:56:57 00100010 00000000 00010001 10001000 10001000 001000101010
1 73 594 3193 2017/10/25 5:3:15 00100010 00000000 00010000 00000000 00000011 011001011101
1 73 579 4532 2017/10/25 1:50:39 00000000 00000000 01000000 00000000 00010001 000100110001
1 73 581 8064 2017/10/25 2:21:19 00000000 00000000 01000100 00100010 10001000 001010001010
1 73 551 390 2017/10/24 19:43:26 00000000 00100010 10001000 10001000 00010001 000100110001
1 73 568 5076 2017/10/24 23:29:35 00000000 01000100 00000000 00000000 01000100 010111000100
0 73 453 5160 2017/10/23 22:46:31 00000000 00000000 00000001 10001000 00110011 011111111111
1 73 598 1823 2017/10/25 5:53:11 00000000 01000100 01000100 00000000 10001000 000100010110
1 73 409 5237 2017/10/23 13:19:55 00000000 00100010 01000101 00000000 10001000 010100010010
1 73 470 83 2017/10/24 2:19:20 00000000 10001000 01000100 10001000 10001000 001100010010
1 73 509 3932 2017/10/24 10:46:42 00100010 00000000 00000000 00000000 00000010 010100011111
1 73 487 3580 2017/10/24 6:2:11 00010001 00000000 00000000 00000000 00010001 010101000100
1 73 472 358 2017/10/24 2:45:17 00000000 00010001 10001000 01000100 00000000 000110111010
1 73 472 1366 2017/10/24 2:46:32 00000000 01000100 00000000 01000100 00100010 010100010101
0 73 428 8821 2017/10/23 17:29:37 11111110 01010101 11111011 01100011 10001000 011100011111
1 73 477 9723 2017/10/24 4:1:36 00000000 00010001 00000000 00010010 00010001 000110011111
1 73 462 6845 2017/10/24 0:44:38 00010001 00000000 00000000 00010001 10001000 010001011000
1 73 663 6508 2017/10/25 19:53:23 01010101 01010001 10101110 00000000 11000000 011110110110
1 73 647 9714 2017/10/25 16:32:2 00000000 01000100 00000000 00000000 00100010 010001010001
1 73 648 872 2017/10/25 16:33:32 00000000 10001000 00000000 01000100 00000000 010000010100
0 73 619 6438 2017/10/25 10:29:17 00000000 01000100 00100010 10001000 00010001 010000011111
1 73 634 6283 2017/10/25 13:41:5 00010001 00000000 00100010 00000000 00100010 001010010011
1 73 635 9098 2017/10/25 13:57:19 00000000 00100000 10001000 01000100 10001000 000100010011
1 73 652 3162 2017/10/25 17:27:41 00000000 00010001 00000000 00000011 00000000 011101010100
1 73 654 5365 2017/10/25 17:56:17 00000000 00000001 00000000 10010000 00000000 011100011111
1 73 656 9719 2017/10/25 18:27:36 00010001 00000000 00000000 10001000 00100010 000110010001
0 73 749 2017 2017/10/26 14:16:37 00000010 00110011 00000000 00000010 00000000 011100011111
1 73 660 8623 2017/10/25 19:17:36 00000000 00100010 00000000 10001000 00000000 000100010010
1 73 605 2149 2017/10/25 7:23:17 10001000 00000000 01000100 10001000 00010001 001000100001
1 73 605 3880 2017/10/25 7:25:27 00000000 01000100 00100010 00010001 00000000 010001000001
1 73 608 5815 2017/10/25 8:6:42 00000000 00000000 10001000 10001000 01000100 001100110010
1 73 614 9825 2017/10/25 9:28:50 00000000 01000100 00010001 00000000 00100010 010100010001
1 90 23 5497 2017/10/27 5:22:36 00000000 01000100 00000000 00000000 00010000 010001001000
1 90 21 1249 2017/10/27 4:51:19 00010001 01001100 00000000 00000100 00000000 011111110110
1 90 22 7260 2017/10/27 5:11:55 00000000 00010001 00000000 00001000 00000000 011000011000
1 90 30 3200 2017/10/27 6:50:17 00000000 10001000 10001000 00000000 00010001 001100011101
1 90 30 5696 2017/10/27 6:53:39 00000000 10001000 10001000 10101010 00100010 001100010001
0 90 74 5140 2017/10/27 16:20:58 00000000 00000000 00100011 00000010 00000000 011001010101
1 94 285 3751 2017/10/30 11:29:41 00000000 00000000 00010000 00100010 00000000 000100100001
1 94 187 9320 2017/10/29 14:38:45 00000000 01000100 10001000 00100010 00000000 000100100100
1 94 50 3360 2017/10/28 9:16:31 00000001 00000000 01100010 01001000 00110001 001000110001
1 94 112 9049 2017/10/28 22:40:3 00000000 10001000 00000000 00000000 00001000 010000011000
1 94 83 1926 2017/10/28 16:18:4 00000000 00000000 00010001 00010001 00000010 010001001100
1 94 117 8040 2017/10/28 23:42:56 00000000 10001000 10001000 00000000 00100010 001100010001
1 94 118 2904 2017/10/28 23:49:3 00000010 00000000 00000000 00100100 00000001 011111110111
1 94 104 8166 2017/10/28 20:55:38 10001000 00000000 00000000 10001000 00000000 011101011111
1 94 60 3188 2017/10/28 11:25:13 00010001 00000000 10001000 00010001 00000000 001010001000
1 94 60 4740 2017/10/28 11:27:12 00000000 00100000 01100100 00000000 01000100 010100011100
1 94 90 996 2017/10/28 17:47:4 00000000 00100000 01000100 00000000 00010001 000101010001
1 94 120 3120 2017/10/29 0:15:12 10010001 00000000 01000100 00000000 01000100 011111110100
0 94 171 1226 2017/10/29 11:4:9 00000000 00000000 00010001 00100010 00000000 011000010001
1 94 124 1417 2017/10/29 0:3:50 00000000 00010001 00000000 01000100 01000100 000111010001
1 94 173 8474 2017/10/29 11:39:11 00000000 00000000 01000100 01000100 00000000 001100010100
1 94 6 7360 2017/10/27 23:56:37 00000000 00000000 00010001 00100010 00100010 010010000110
1 94 115 8583 2017/10/28 23:18:3 00000000 00000000 00000001 10001000 00000000 001001101100
0 94 10 9804 2017/10/28 0:51:25 01000100 00000000 00000001 00010001 00000000 010010000010
