2017/9/26 18:10:41 00000000 10001000 00000000 00100010 00000000 000101001000
2017/9/27 11:30:15 00000000 10101010 00010001 00100010 00010001 000100010100
2017/9/27 12:20:39 10001000 00000000 00000000 10001000 00000000 001000100101
2017/9/27 14:0:29 00000000 00000010 01000100 00010001 00000000 000110000100
2017/9/27 16:4:18 00100010 00000000 01000100 00010001 10001000 001000101000
2017/9/28 5:36:47 00000000 01000100 00000000 00000000 00010001 010010000001
2017/9/28 7:38:28 00000000 10101000 00010001 10001000 00000000 010000010001
2017/9/28 8:53:1 00000000 00000000 00010001 10011001 11011101 000100111010
2017/9/28 9:18:31 00000000 00000000 01000100 00100011 00000000 010110001000
2017/9/28 18:23:15 00010000 00000000 01000100 10001000 10001000 000100100100
2017/9/28 18:48:57 00010001 00000000 01000100 10001000 00010001 001100010001
2017/9/29 7:23:46 00000000 01000100 00010001 00000000 00010001 010000010010
2017/9/29 16:19:12 00000000 00000000 00001000 00010010 00000000 010000011101
2017/9/29 16:19:46 00000000 10001000 00000100 10001000 00000000 000101000010
2017/9/29 7:42:2 00010001 00000000 00000000 10001000 00010001 001100010101
2017/9/29 10:22:1 00000000 00100110 10001001 00010001 11010100 010110011100
2017/9/29 10:29:44 00000000 01000100 00000000 00000000 00000010 000100010100
2017/9/29 10:29:44 00000000 00000000 00110001 01000100 00000000 000100010100
2017/9/29 1:47:42 01100110 00000000 00010101 00000000 00010001 001010010001
2017/9/29 1:55:47 00000000 10001000 00000000 00010000 00000000 000100011000
2017/9/29 13:52:49 00000000 01000100 00010001 00000000 00100010 010000010100
2017/9/29 8:30:52 00000000 10001000 10001000 00000000 10001000 001101011111
2017/9/29 8:32:13 00000000 10001000 00000000 00000000 00100010 000100010011
2017/9/29 14:14:48 00000000 00000000 00100010 00100010 10000000 001000101000
2017/9/29 17:14:24 01100010 00000000 00000000 00010001 00000000 001100111111
2017/9/29 14:53:48 00000000 10001000 01000100 00000000 01000100 000100110010
2017/9/29 14:53:50 00000000 10001000 01000100 00000000 01000100 011001101000
2017/9/29 1:14:52 00000000 00000000 00010001 00010001 00000000 000100011100
2017/9/29 1:17:23 00000000 10001000 10001000 00000000 00010001 010100010001
2017/9/29 12:21:23 00010001 00000000 01000110 10001000 00100010 001001110001
2017/9/29 15:22:28 00100010 00000000 00100010 00100010 00000000 001010000100
2017/9/28 21:27:5 11001110 00000010 00000000 00000100 10000011 011010011111
2017/9/29 12:40:10 00000000 00100000 00000000 00000000 00010001 010001000101
2017/10/2 12:36:16 10000000 00001000 00000000 10000000 00000000 010001111100
2017/10/2 12:48:4 00010001 00100000 00000000 11111111 11111111 011111111111
2017/10/1 20:30:14 00000000 01000100 00010001 00010001 10001000 010010001000
2017/10/2 1:52:5 00000000 00010001 00000001 00000011 00000000 000100110100
2017/10/2 1:56:42 00000000 00100010 00000000 00100010 00010001 000100010100
2017/10/2 9:58:38 00000000 10001000 10000100 10001000 00100010 010100010101
2017/10/2 7:32:22 10001000 00000000 00000000 00000000 00010001 000100010001
2017/10/2 11:5:22 00000000 00100010 00100010 10001000 01000100 000101010111
2017/10/2 8:30:51 00010000 00000000 00000000 00000000 00100010 011100011111
2017/10/2 3:44:27 00000000 10001000 00100010 00000000 01000100 001100110001
2017/10/1 21:50:59 00001100 01000100 01100000 00000000 01000100 011100010110
2017/10/2 18:40:28 00000000 00010001 00000000 10001000 00000000 000110010010
2017/10/10 16:19:30 00010001 00000000 00000000 01000100 00000000 000100100001
2017/10/10 16:19:31 00010001 00000000 00000000 01000100 00000000 010000100001
2017/10/10 6:4:41 00000000 01000100 10001000 00000000 00010001 000100010001
2017/10/10 6:50:1 00100000 00000000 01000100 00000000 00100010 001001010001
2017/10/10 18:4:56 10001000 00000000 00000000 00000000 00010001 001001010110
2017/10/10 15:8:27 01001000 00000000 00000000 00000000 00000010 000111000100
2017/10/10 4:49:45 01000100 00000000 00000000 00000000 10001000 010000011100
2017/10/10 11:51:23 00000000 00000000 10001000 01000100 00000000 000100011010
2017/10/10 5:5:52 00100010 01000100 10001000 00100010 10001000 001000011000
2017/10/10 12:5:43 00000000 00000000 00100010 00011000 00000000 000100011111
2017/10/10 15:48:20 00000000 00010000 00000000 00000000 11111111 001000101111
2017/10/10 19:10:33 00000000 00000100 01000100 00100010 00000000 011110110001
2017/10/10 5:38:54 10000100 00100010 00000000 00010000 00000000 011111110011
2017/10/11 0:30:8 00000000 00110101 01111111 01000000 00100010 011100011000
2017/10/12 0:18:15 00010001 00000000 01000100 00000000 10000000 011000010010
2017/10/11 18:13:28 00000000 10001000 01000100 10001000 00100010 010100111011
2017/10/11 12:9:53 00010001 00000000 10001000 00000000 01000010 011100010011
2017/10/11 12:10:37 10001000 00000000 00100010 10001000 00000000 010001010001
2017/10/11 15:27:42 00000000 01000100 00000000 10001000 00010001 010000010001
2017/10/11 12:12:10 00100010 00000000 00000000 00100010 00000000 001100010101
2017/10/11 19:3:57 00000000 01000100 00100010 00000000 00010001 000100010001
2017/10/11 16:22:15 00000000 00010001 00000000 00101110 11101111 011000011111
2017/10/11 19:34:41 00000011 00000000 00010001 11000000 00000000 011111111111
2017/10/11 10:36:6 00010001 00000000 00000000 01000100 00100010 010010000101
2017/10/11 16:58:15 00000000 10001000 10001000 00100010 00010001 010100010100
2017/10/11 13:4:58 00000000 10001000 00000100 10001000 00000000 001010010100
2017/10/11 13:5:51 00000000 10001000 00000000 01100110 00000000 011100010101
2017/10/11 13:50:50 00000000 00100010 00000000 10011111 11110111 011110111111
2017/10/12 2:41:31 01000100 00000000 00000000 00010001 00100010 001010001100
2017/10/15 11:8:50 00010001 00000000 00000000 00000000 01000100 010001000100
2017/10/16 5:57:43 00100000 00000000 00000000 01000100 00000000 001000010001
2017/10/16 6:33:12 00010001 00000000 01000000 00100010 10001000 001010101000
2017/10/16 9:49:33 00000000 00000000 10001000 00010001 00000000 000101011010
2017/10/16 7:34:40 00000000 00000000 00100010 00100010 01000100 011010101100
2017/10/16 8:24:3 00000000 01000100 00100010 10001000 00010001 010101010101
2017/10/16 8:45:52 11000110 00000000 00000001 00010001 01000100 001111011010
2017/10/15 15:26:9 00100010 00000000 00000000 00001000 00000010 001100101111
2017/10/15 15:33:17 00000000 00100010 00100010 00000000 01000100 000100010001
2017/10/14 18:30:32 00000000 00000000 10001000 00010001 00000000 001110110100
2017/10/14 5:25:46 00000000 00010001 10001000 01000100 00000000 001101011011
2017/10/15 1:2:51 00000000 01000100 00000000 00000000 01100110 010000011101
2017/10/13 19:41:36 00000001 00000000 00000000 00010010 00000000 001001010100
2017/10/13 19:50:38 00000000 00100000 00000000 00100010 00010001 000100010101
2017/10/14 8:55:45 00000000 00000000 00101000 00000001 00100100 011100011111
2017/10/15 1:14:27 00010001 11000000 00000000 00000000 10000000 011111100010
2017/10/14 9:11:50 00000000 00010001 00010000 01000100 00000000 010010001010
2017/10/13 20:15:45 00001000 00000000 00000000 01111011 11001000 000100111111
2017/10/15 4:46:51 00000001 10010000 00000001 00000000 11100000 011000011111
2017/10/14 6:17:44 00000000 00100000 00100010 00000000 00100010 000100110001
2017/10/14 6:17:46 00000000 00100000 00100010 00000000 00100010 000100011011
2017/10/14 16:8:58 00000000 01000100 00100010 01000100 00000000 010001010101
2017/10/13 17:38:3 00000000 00100001 00000000 01000100 00100010 011011001000
2017/10/14 19:30:43 00000000 00000000 10001000 10001000 00000000 011110011001
2017/10/14 3:36:14 00000000 01000100 00000010 00000000 00100010 000100010011
2017/10/14 3:37:8 00000000 01000100 00000000 10101100 00010001 011110110010
2017/10/14 3:37:10 00000000 01000100 00000000 10101100 00010001 010100010001
2017/10/14 10:2:42 00000000 10001000 00000000 00100010 00000000 001111000001
2017/10/15 6:4:9 00000000 01000100 00000000 01000100 00000000 000100010101
2017/10/14 17:19:36 00000000 00000010 00010001 00000000 00100010 010000010001
2017/10/14 4:37:7 00000000 01000100 00000000 00000000 00010000 010000100100
2017/10/14 4:43:4 00000000 10001000 10001000 00000000 00010001 000100010001
2017/10/14 1:40:42 01000100 00000000 00000000 00000000 01000100 001010000111
2017/10/14 17:51:41 10000000 00000000 00000000 11111111 11111111 001101111111
2017/10/15 0:7:47 00010001 01000100 10101010 01000100 01000100 011000010010
2017/10/14 8:17:42 01000100 00000000 01000100 00100010 00000000 001000010101
2017/10/15 6:54:18 10001000 00000000 00000000 00000000 00000011 011001000010
2017/10/15 4:1:5 00000000 00010001 00010001 00000000 00010001 010000010001
2017/10/16 3:44:10 00000000 00000000 01000100 00010001 10001000 010001000001
2017/10/15 11:29:53 00110001 00000000 01000100 00100010 00100010 001010000100
2017/10/15 11:35:54 10001000 00000000 10001000 10001000 01000100 001000011010
2017/10/16 1:10:43 10001000 00000000 10001000 00100010 00000000 001011000100
2017/10/16 4:21:50 00100010 00000000 00000000 00000000 00100010 001000010001
2017/10/16 2:21:36 10000100 00000000 00000000 00000000 01000100 001111110111
2017/10/15 13:3:47 00110010 00000000 00100010 00100010 00000000 011100111000
2017/10/15 13:4:22 00000000 10001000 00010001 00010001 10001000 010000100001
2017/10/15 13:16:57 00000000 00000000 00010001 10001000 00000000 010100010101
2017/10/15 13:43:10 00000000 10001000 00000001 01000100 00000000 011000010101
2017/10/17 14:36:6 01010100 00000000 10001000 10001000 01100110 001000010001
2017/10/17 21:15:27 00000000 01000100 00000000 10001000 00010001 000100010101
2017/10/17 1:47:15 00000000 00100010 10001000 00010001 01000100 000110110100
2017/10/17 11:39:41 00000000 01000100 00000000 00000000 00100010 000100010001
2017/10/17 2:2:51 00000000 01000100 00000100 10000000 00010001 000100010001
2017/10/17 21:52:2 01000100 00000000 00000000 00100010 00000000 010010000101
2017/10/17 15:14:7 01000100 00000000 00000000 00000000 01000010 001000010010
2017/10/17 11:54:10 00000000 10001000 00000000 00100010 10001000 010000101000
2017/10/17 16:8:24 00000000 00000000 00010001 01000100 00000000 011000010010
2017/10/17 6:32:28 00000000 00110000 00000000 00000000 00100010 010000010001
2017/10/17 13:25:11 00000000 00100010 00000000 01000000 00010001 010010010111
2017/10/17 16:35:55 00000000 10000000 00000000 10101010 00110011 011000011101
2017/10/17 16:54:47 00000000 01000100 00010001 00100010 00000000 010000110001
2017/10/17 13:39:32 00000000 01000100 01000100 00000000 00010001 010100010001
2017/10/17 7:10:44 10001000 00000000 00000000 00010001 00000000 001000010101
2017/10/17 20:20:15 00000000 01000100 00000000 00000000 00010001 000100010001
2017/10/17 17:14:11 00000000 10001000 00000000 00000000 00010001 000100010001
2017/10/17 14:17:45 00000000 11101100 00110011 01100100 00100010 010100111101
2017/10/17 10:56:50 00000000 01000100 10001000 01000100 00010001 000111011001
2017/10/17 7:33:39 00100010 00000000 00100010 01010111 00001000 011110111101
2017/10/16 12:23:54 00000000 00010001 00000000 10001000 01000100 010000011011
2017/10/18 1:16:34 10101010 01100001 00000000 00000100 00000000 011001000001
2017/10/19 2:58:37 00000000 00000000 01000100 00000000 10001000 010100011111
2017/10/19 2:58:37 00000000 00000000 00100010 00000000 01000100 010100011111
2017/10/19 3:12:45 00010001 00000000 01000100 01000100 00000000 001001001010
2017/10/19 6:38:17 10001000 00000000 01000100 00010001 00000000 001010010100
2017/10/19 3:41:32 00010001 00000000 00010000 00100010 00000000 010010010100
2017/10/19 7:1:38 00000000 00000000 10001000 10001000 01000100 010000010001
2017/10/19 4:11:17 00000000 10001000 10001000 10001000 00000000 000100010001
2017/10/19 4:41:23 01000000 00000000 00100010 00100010 00000000 001001010001
2017/10/19 5:24:38 00000000 01000100 00000000 00010001 00000000 000100010100
2017/10/19 1:59:57 00000000 10010000 00000000 00000010 00000000 010100010111
2017/10/19 9:12:15 00000000 01000000 00000000 00000000 00100010 010000010011
2017/10/19 2:29:21 00000000 01000100 10001000 00100010 00010001 000100010111
2017/10/19 2:34:17 00000000 00000000 00000010 00100010 00000001 011111111101
2017/10/18 20:38:49 00000001 00000000 10001000 01000100 00000000 001000010001
2017/10/18 13:58:28 00000000 01000100 10001000 00000000 01000100 001110110001
2017/10/18 14:47:27 01000110 00000000 00000000 00001000 00000010 010100011111
2017/10/18 15:27:6 00000000 00000000 00100010 00100010 01000100 010010001000
2017/10/18 16:27:9 10001000 00000000 00000001 00100010 00000000 001010001000
2017/10/18 16:43:2 00000000 10001000 00000001 01000100 00010001 011010000101
2017/10/18 16:51:34 00010001 00000100 10001000 00000000 00100010 000111010011
2017/10/18 12:59:50 00000000 10001000 00000000 00000000 00100010 001100110011
2017/10/18 13:18:15 00000000 00100010 00010001 01000100 10001000 010000010100
2017/10/18 13:21:54 00000000 01000100 10001000 01000100 00000000 011100010110
2017/10/18 13:24:20 00000000 01000100 01000100 00010000 00000000 011110010100
2017/10/18 7:39:30 00000000 00000000 10001000 00010001 01000100 001010001100
2017/10/18 4:19:37 00000000 00100010 00000000 00100010 00000000 010101101000
2017/10/18 4:36:1 01001010 01000100 00000000 00000000 00010001 011100011100
2017/10/18 8:52:9 01000100 00000000 01000100 00010001 00010001 001000110101
2017/10/18 5:19:4 01000100 00000000 01000100 10001000 00000000 001010000010
2017/10/18 5:52:52 00000000 11001100 10101010 01000100 00100010 010100010001
2017/10/18 6:46:55 00000000 10001000 00000000 00000000 01000100 011001100110
2017/10/18 1:50:9 10001000 00000000 11001000 10001000 00000000 001000101010
2017/10/18 1:50:9 10001000 00000000 00000000 00100010 00000000 001000101010
2017/10/18 1:57:52 00000000 01000100 01000100 00000000 00010001 000100110100
2017/10/18 2:42:16 00000000 01000100 00000000 00010001 00010001 010010100100
2017/10/18 3:3:16 00000000 10001000 00000000 00100000 00000000 000110001000
2017/10/18 3:14:6 00000000 00100010 11000100 00000000 10001000 011100010010
2017/10/19 20:9:42 01000000 00110000 01001100 00100000 00000000 011100011111
2017/10/19 20:36:32 00000000 00100010 10000000 00100010 00010001 000101010101
2017/10/19 17:57:42 00000000 01000100 01001100 00000000 00010001 000100010100
2017/10/19 11:44:7 00100010 00000000 00000000 10001000 00000000 001101010010
2017/10/19 12:8:36 00000000 00100000 00100010 00010001 00100010 011010010100
2017/10/19 12:35:44 00000000 00100000 10001000 00010001 00000000 000100011000
2017/10/18 1:30:52 00000000 00010001 00000000 00100010 00010001 000100010101
2017/10/18 7:5:33 00010001 00000000 01000100 01000100 00100010 011100010001
2017/10/20 0:47:55 00000000 00000000 10001000 10001000 00100010 001000010001
2017/10/20 2:50:38 00000000 01000100 10001000 10001000 00010001 010100010001
2017/10/20 9:49:20 00000000 00000000 00100010 01000100 00010001 010000010100
2017/10/20 0:53:18 00000000 01000100 01000000 10001000 01000100 000100110011
2017/10/20 3:9:12 00110011 10000000 00000000 00001000 00000000 011001000111
2017/10/20 1:12:43 00000000 00100010 00000000 10001000 10001000 010100010011
2017/10/20 6:42:10 00000000 00000000 00010000 01100000 00000000 001010011111
2017/10/20 7:46:16 00000000 00100000 01000100 10001000 00010001 000100010011
2017/10/20 8:4:35 00000000 10001000 10001100 01000100 01000100 001110010011
2017/10/20 8:13:9 00000000 00000000 00000001 00000100 10001000 001001110011
2017/10/20 8:43:20 11001100 00000000 00010000 11011101 11111111 011000111111
2017/10/21 4:27:53 00010001 00000000 01000100 01000100 01000100 011101010011
2017/10/21 4:42:11 00000000 10001100 00100010 10001000 10001010 000110010010
2017/10/21 20:39:54 00010001 00100010 00100010 00000000 10000010 010111010011
2017/10/21 17:20:20 00010001 00000000 00000000 00000000 00100010 001000100010
2017/10/21 1:21:43 00100010 00000000 10001000 00100010 00000000 001001011000
2017/10/22 3:30:0 00000001 00000000 00000000 01101000 00000000 011100011111
2017/10/22 3:54:30 00000000 00000000 10001000 10001000 00000000 001101110001
2017/10/21 11:58:44 00000000 01000100 01000100 00000000 00010001 000110010001
2017/10/21 12:1:41 00010001 00000000 00000000 00000000 10001000 001011000111
2017/10/20 16:23:21 00000000 00010001 01000100 00000000 00100010 010000010100
2017/10/22 3:55:5 00000000 00100010 00000000 10001000 01000100 000111010001
2017/10/22 4:7:27 00000000 00000000 10001000 00000000 00100010 001010010001
2017/10/22 7:15:34 00010000 00000000 01000100 10001000 01100110 011100010011
2017/10/21 21:18:51 00000000 10001000 00000000 00010000 00010001 011100010100
2017/10/22 4:14:58 00000000 00000000 00010001 00010001 00000000 001010001101
2017/10/20 19:40:12 00100010 00000000 00100010 00100010 00000000 001000011000
2017/10/21 6:0:56 00000000 00010000 00000000 11111111 01111111 010111111111
2017/10/22 11:5:35 00000000 00010001 00000000 00100010 00000000 001000111111
2017/10/22 8:8:15 00000000 10001000 00000000 00000010 00100010 010000100110
2017/10/22 11:32:19 00000000 10001000 10001000 00000000 00010001 000100110001
2017/10/22 11:32:21 00000000 10001000 10001000 00000000 00010001 011101010001
2017/10/20 17:37:56 00000000 10001000 10001000 00000000 10001000 000100010010
2017/10/21 13:30:2 00000000 00000000 01000000 10001000 00000000 011110100100
2017/10/20 14:40:9 00000000 10001000 00000000 00100010 00000000 000100110001
2017/10/22 2:9:36 00000000 00000000 01000100 00000000 00100010 000100010001
2017/10/22 2:20:47 00000000 00000000 01000100 01111111 11111111 011000111111
2017/10/21 7:26:7 00000000 00000000 00010001 00000000 01001000 001010001000
2017/10/21 14:4:48 00000000 01010101 00010001 00100010 00000000 010101100011
2017/10/22 6:4:55 00000000 10001000 01000100 00100010 00010001 001101010101
2017/10/22 9:13:12 00000000 10111011 00000000 10001000 01000100 010100010010
2017/10/22 15:47:45 10101000 00000001 00101000 11001100 10001000 011100011111
2017/10/23 4:55:39 00000000 00100010 10000000 00000000 00100010 000100010001
2017/10/23 2:26:13 00000000 00010001 01000100 10001000 00000000 010000010011
2017/10/23 1:6:46 00010001 00000000 00000000 00000000 00010001 001001010101
2017/10/23 6:19:3 00100010 00000000 00000000 00000000 10001000 001100010111
2017/10/23 16:14:58 00000000 00100010 00000000 01000000 00000000 010000011111
2017/10/23 3:30:42 00000000 10001000 00100010 00000000 00010001 000100010001
2017/10/23 3:36:34 00100100 00000000 00000000 00100000 00000000 001010110100
2017/10/23 3:45:22 00100010 00000000 00000000 00000000 01000100 001001000011
2017/10/22 18:7:32 00000010 00000000 00100010 01000100 00010001 001010100001
2017/10/23 13:50:22 00000000 00000000 00100100 00000000 00001000 011100010101
2017/10/23 4:23:14 00000000 00100000 00000000 00100010 00000000 010001000100
2017/10/22 12:10:39 00010001 00010001 00000000 00000000 01011101 010001001000
2017/10/23 4:46:34 00000000 00000000 00010001 01000100 00100010 010010000101
2017/10/25 1:23:41 00010001 00000000 00000000 00000000 10001000 010011001010
2017/10/25 0:13:19 00000000 00100010 00000000 00000000 00100010 000100010001
2017/10/25 0:38:43 00000000 00000000 00010001 00000001 01000100 010000011100
2017/10/23 14:56:57 00100010 00000000 00010001 10001000 10001000 001000101010
2017/10/25 7:3:15 00100010 00000000 00010000 00000000 00000011 011001011101
2017/10/25 3:50:39 00000000 00000000 01000000 00000000 00010001 000100110001
2017/10/25 4:21:19 00000000 00000000 01000100 00100010 10001000 001010001010
2017/10/24 21:43:26 00000000 00100010 10001000 10001000 00010001 000100110001
2017/10/25 1:29:35 00000000 01000100 00000000 00000000 01000100 010111000100
2017/10/24 0:46:31 00000000 00000000 00000001 10001000 00110011 011111111111
2017/10/25 7:53:11 00000000 01000100 01000100 00000000 10001000 000100010110
2017/10/23 15:19:55 00000000 00100010 01000101 00000000 10001000 010100010010
2017/10/24 4:19:20 00000000 10001000 01000100 10001000 10001000 001100010010
2017/10/24 12:46:42 00100010 00000000 00000000 00000000 00000010 010100011111
2017/10/24 8:2:11 00010001 00000000 00000000 00000000 00010001 010101000100
2017/10/24 4:45:17 00000000 00010001 10001000 01000100 00000000 000110111010
2017/10/24 4:46:32 00000000 01000100 00000000 01000100 00100010 010100010101
2017/10/23 19:29:37 11111110 01010101 11111011 01100011 10001000 011100011111
2017/10/24 6:1:36 00000000 00010001 00000000 00010010 00010001 000110011111
2017/10/24 2:44:38 00010001 00000000 00000000 00010001 10001000 010001011000
2017/10/25 21:53:23 01010101 01010001 10101110 00000000 11000000 011110110110
2017/10/25 18:32:2 00000000 01000100 00000000 00000000 00100010 010001010001
2017/10/25 18:33:32 00000000 10001000 00000000 01000100 00000000 010000010100
2017/10/25 12:29:17 00000000 01000100 00100010 10001000 00010001 010000011111
2017/10/25 15:41:5 00010001 00000000 00100010 00000000 00100010 001010010011
2017/10/25 15:57:19 00000000 00100000 10001000 01000100 10001000 000100010011
2017/10/25 19:27:41 00000000 00010001 00000000 00000011 00000000 011101010100
2017/10/25 19:27:41 00000000 01010101 00000000 00010001 00000000 011101010100
2017/10/25 19:56:17 00000000 00000001 00000000 10010000 00000000 011100011111
2017/10/25 20:27:36 00010001 00000000 00000000 10001000 00100010 000110010001
2017/10/26 16:16:37 00000010 00110011 00000000 00000010 00000000 011100011111
2017/10/25 21:17:36 00000000 00100010 00000000 10001000 00000000 000100010010
2017/10/25 9:23:17 10001000 00000000 01000100 10001000 00010001 001000100001
2017/10/25 9:25:27 00000000 01000100 00100010 00010001 00000000 010001000001
2017/10/25 10:6:42 00000000 00000000 10001000 10001000 01000100 001100110010
2017/10/25 11:28:50 00000000 01000100 00010001 00000000 00100010 010100010001
2017/10/27 7:22:36 00000000 01000100 00000000 00000000 00010000 010001001000
2017/10/27 6:51:19 00010001 01001100 00000000 00000100 00000000 011111110110
2017/10/27 7:11:55 00000000 00010001 00000000 00001000 00000000 011000011000
2017/10/27 8:50:17 00000000 10001000 10001000 00000000 00010001 001100011101
2017/10/27 8:53:39 00000000 10001000 10001000 10101010 00100010 001100010001
2017/10/27 18:20:58 00000000 00000000 00100011 00000010 00000000 011001010101
2017/10/30 13:29:41 00000000 00000000 00010000 00100010 00000000 000100100001
2017/10/29 16:38:45 00000000 01000100 10001000 00100010 00000000 000100100100
2017/10/28 11:16:31 00000001 00000000 01100010 01001000 00110001 001000110001
2017/10/29 0:40:3 00000000 10001000 00000000 00000000 00001000 010000011000
2017/10/28 18:18:4 00000000 00000000 00010001 00010001 00000010 010001001100
2017/10/29 1:42:56 00000000 10001000 10001000 00000000 00100010 001100010001
2017/10/29 1:49:3 00000010 00000000 00000000 00100100 00000001 011111110111
2017/10/29 0:55:38 10001000 00000000 00000000 10001000 00000000 011101011111
2017/10/28 13:25:13 00010001 00000000 10001000 00010001 00000000 001010001000
2017/10/28 13:27:12 00000000 00100000 01100100 00000000 01000100 010100011100
2017/10/28 19:47:4 00000000 00100000 01000100 00000000 00010001 000101010001
2017/10/29 2:15:12 10010001 00000000 01000100 00000000 01000100 011111110100
2017/10/29 13:4:9 00000000 00000000 00010001 00100010 00000000 011000010001
2017/10/29 2:3:50 00000000 00010001 00000000 01000100 01000100 000111010001
2017/10/29 13:39:11 00000000 00000000 01000100 01000100 00000000 001100010100
2017/10/28 1:56:37 00000000 00000000 00010001 00100010 00100010 010010000110
2017/10/29 1:18:3 00000000 00000000 00000001 10001000 00000000 001001101100
2017/10/28 2:51:25 01000100 00000000 00000001 00010001 00000000 010010000010
